1
195 195 200
185 185 176 685824 4
9 9 175 685824 8
194 1 193 -2684354 1
1 194 192 -2684354 2
186 7 179 2684354 1
7 186 178 2684354 2
8 188 178 2684354 2
186 10 177 2684354 1
187 188 179 -609997 4
8 9 178 -609997 8
4 4 187 612726 8
191 191 186 612726 4
3 193 190 876 2
193 3 189 876 1
192 3 189 -2684354 1
3 192 188 -2684354 2
7 6 181 -640 8
188 187 180 -640 4
191 191 186 -215686 4
5 5 185 -215686 8
4 4 187 -2684354 8
191 191 186 -2684354 4
194 2 192 455 1
2 194 191 455 2
4 4 187 1180949 8
191 191 186 1180949 4
7 188 180 -1505588 2
187 8 179 -1505588 1
6 190 184 2401174 2
190 6 183 2401174 1
1 195 194 2684354 2
195 1 193 2684354 1
190 5 185 2684354 1
5 190 184 2684354 2
194 194 192 1648852 4
2 2 191 1648852 8
5 5 186 -300 8
191 191 185 -300 4
2 2 191 -2684354 8
193 193 190 -2684354 4
4 191 187 -793 2
191 4 186 -793 1
192 4 188 2684354 1
4 192 187 2684354 2
5 7 184 -2684354 8
189 191 183 -2684354 4
2 193 191 481 2
193 2 190 481 1
187 11 176 -2684354 1
11 187 175 -2684354 2
191 190 184 -1669558 4
7 6 183 -1669558 8
9 9 180 -2684354 8
189 189 179 -2684354 4
2 193 191 2684354 2
193 2 190 2684354 1
194 2 192 -2684354 1
2 194 191 -2684354 2
9 187 177 -1139829 2
186 10 176 -1139829 1
7 5 184 -256003 8
191 189 183 -256003 4
188 187 180 556029 4
8 7 179 556029 8
2 194 192 -2684354 2
194 2 191 -2684354 1
9 9 178 -707 8
187 187 177 -707 4
188 10 178 -388241 1
10 188 177 -388241 2
1 195 194 -1331941 2
195 1 193 -1331941 1
190 5 185 -561999 1
5 190 184 -561999 2
4 191 187 2684354 2
191 4 186 2684354 1
7 7 182 -2684354 8
189 189 181 -2684354 4
191 4 187 -2684354 1
4 191 186 -2684354 2
189 6 181 779202 1
8 187 180 779202 2
2 2 191 2684354 8
193 193 190 2684354 4
9 9 180 194423 8
189 189 179 194423 4
9 187 179 -56932 2
188 8 178 -56932 1
8 7 180 -2684354 8
188 187 179 -2684354 4
5 7 183 -2684354 8
188 190 182 -2684354 4
186 10 177 1485800 1
9 187 176 1485800 2
184 11 175 -2684354 1
9 186 174 -2684354 2
8 187 179 -582448 2
187 8 178 -582448 1
192 192 188 1953362 4
4 4 187 1953362 8
191 191 186 185 4
5 5 185 185 8
3 3 190 -505270 8
193 193 189 -505270 4
6 191 184 1203189 2
190 7 183 1203189 1
8 9 177 1689610 8
185 186 176 1689610 4
8 188 178 1357144 2
186 10 177 1357144 1
5 5 184 2684354 8
189 189 183 2684354 4
195 195 194 2684354 4
1 1 193 2684354 8
188 7 180 2684354 1
8 187 179 2684354 2
5 5 185 1345468 8
190 190 184 1345468 4
194 1 193 -2684354 1
1 194 192 -2684354 2
195 195 194 559 4
1 1 193 559 8
187 6 181 -2108872 1
6 187 180 -2108872 2
7 7 182 -1201358 8
189 189 181 -1201358 4
194 194 193 -2684354 4
1 1 192 -2684354 8
187 10 177 833 1
10 187 176 833 2
191 4 187 946 1
4 191 186 946 2
1 1 193 -2684354 8
194 194 192 -2684354 4
185 10 176 2684354 1
9 186 175 2684354 2
189 7 181 265805 1
8 188 180 265805 2
7 5 184 1752977 8
191 189 183 1752977 4
6 189 184 2684354 2
190 5 183 2684354 1
194 194 193 969 4
1 1 192 969 8
4 4 188 728251 8
192 192 187 728251 4
192 4 188 2207408 1
4 192 187 2207408 2
11 9 176 2684354 8
187 185 175 2684354 4
7 187 181 -619 2
188 6 180 -619 1
3 3 189 -573802 8
192 192 188 -573802 4
187 9 177 -169 1
10 186 176 -169 2
9 9 179 -2684354 8
188 188 178 -2684354 4
9 185 176 11 2
185 9 175 11 1
7 7 183 -2684354 8
190 190 182 -2684354 4
194 194 192 2684354 4
2 2 191 2684354 8
4 191 187 1407178 2
191 4 186 1407178 1
189 9 180 2684354 1
9 189 179 2684354 2
2 2 191 -2684354 8
193 193 190 -2684354 4
1 1 194 -2684354 8
195 195 193 -2684354 4
192 4 188 1573327 1
4 192 187 1573327 2
185 10 176 2016447 1
9 186 175 2016447 2
9 188 180 640 2
189 8 179 640 1
195 195 194 -1132981 4
1 1 193 -1132981 8
193 193 190 -914532 4
3 3 189 -914532 8
189 189 183 -2684354 4
6 6 182 -2684354 8
194 194 193 -2126352 4
1 1 192 -2126352 8
194 2 192 619 1
2 194 191 619 2
11 10 175 1488373 8
186 185 174 1488373 4
4 192 188 446106 2
192 4 187 446106 1
9 10 176 2015666 8
185 186 175 2015666 4
9 7 180 -693 8
189 187 179 -693 4
186 185 177 -2410148 4
9 8 176 -2410148 8
4 4 188 -2684354 8
192 192 187 -2684354 4
